shift
0.0
dispatch_#
0;200;0.0
2;202;0.0
4;204;0.0
6;206;0.0
8;208;0.0
10;210;0.0
12;212;0.0
14;214;0.0
16;216;0.0
18;218;0.0
20;220;0.0
22;222;0.0
24;224;0.0
26;226;0.0
28;228;0.0
30;230;0.0
32;232;0.0
34;234;0.0
block_#
0;200
1;201
2;202
3;203
4;204
5;205
6;206
7;207
8;208
9;209
10;210
11;211
12;212
13;213
14;214
15;215
16;216
17;217
18;218
19;219
20;220
21;221
22;222
23;223
24;224
25;225
26;226
27;227
28;228
29;229
30;230
31;231
32;232
33;233
34;234
35;235
timer
300
cluster_capacity
12
beer_price
14.80

